#position
DOWN
# numStates:
8
# numObservations:
14
# defaultProbability:
0.08198847919696448
# Quantizer: Radius
1.0614300027024568
# Quantizer: MAP
1.0614300027024568, 0.0, 0.0
0.7505443526657627, 0.0, 0.7505443526657626
0.0, 0.0, 1.0614300027024568
-0.7505443526657626, 0.0, 0.7505443526657627
-1.0614300027024568, 0.0, 0.0
-0.7505443526657628, 0.0, -0.7505443526657626
0.0, 0.0, -1.0614300027024568
0.7505443526657625, 0.0, -0.7505443526657628
-0.02618732865485838, 1.9587145132383528, -0.04714056010309186
0.0, 0.7505443526657627, 0.7505443526657626
0.0, -0.7505443526657626, 0.7505443526657627
0.0, -1.0614300027024568, 0.0
0.0, -0.7505443526657628, -0.7505443526657626
-0.2977256727171832, 1.635537430617128, -0.4480925234081054
# HMM: PI
1.0, 0.0, 0.0, 0.0, 0.0, 0.0, 0.0, 0.0
# HMM: A
0.3333333333333331, 0.3333333333333331, 0.33333333333333337, 0.0, 0.0, 0.0, 0.0, 0.0
0.0, 0.3333333333333334, 0.3333333333333334, 0.3333333333333334, 0.0, 0.0, 0.0, 0.0
0.0, 0.0, 0.33333333333333354, 0.33333333333333354, 0.33333333333333354, 0.0, 0.0, 0.0
0.0, 0.0, 0.0, 0.3333333333333333, 0.3333333333333333, 0.3333333333333333, 0.0, 0.0
0.0, 0.0, 0.0, 0.0, 0.3333333333333334, 0.3333333333333334, 0.3333333333333334, 0.0
0.0, 0.0, 0.0, 0.0, 0.0, 0.3333333333333331, 0.3333333333333331, 0.3333333333333331
0.0, 0.0, 0.0, 0.0, 0.0, 0.0, 0.5, 0.5
0.0, 0.0, 0.0, 0.0, 0.0, 0.0, 0.0, 1.0
# HMM: B
0.0, 0.0, 0.0, 0.0, 0.0, 0.0, 0.0, 0.0, 0.41440180829879975, 0.0, 0.0, 0.0, 0.0, 0.5855981917012001
0.0, 0.0, 0.0, 0.0, 0.0, 0.0, 0.0, 0.0, 0.5349366265843353, 0.0, 0.0, 0.0, 0.0, 0.4650633734156645
0.0, 0.0, 0.0, 0.0, 0.0, 0.0, 0.0, 0.0, 0.6325724319578581, 0.0, 0.0, 0.0, 0.0, 0.3674275680421424
0.0, 0.0, 0.0, 0.0, 0.0, 0.0, 0.0, 0.0, 0.8624363131079203, 0.0, 0.0, 0.0, 0.0, 0.13756368689207976
0.0, 0.0, 0.0, 0.0, 0.0, 0.0, 0.0, 0.0, 0.9254349627174814, 0.0, 0.0, 0.0, 0.0, 0.07456503728251868
0.0, 0.0, 0.0, 0.0, 0.0, 0.0, 0.0, 0.0, 0.990546218487395, 0.0, 0.0, 0.0, 0.0, 0.009453781512605043
0.0, 0.0, 0.0, 0.0, 0.0, 0.0, 0.0, 0.0, 0.996437935981794, 0.0, 0.0, 0.0, 0.0, 0.0035620640182061052
0.0, 0.0, 0.0, 0.0, 0.0, 0.0, 0.0, 0.0, 1.0, 0.0, 0.0, 0.0, 0.0, 0.0
# END