#position
UP
# numStates:
8
# numObservations:
14
# defaultProbability:
0.06952435607092201
# Quantizer: Radius
1.1571752010015572
# Quantizer: MAP
1.1571752010015572, 0.0, 0.0
0.8182464316491074, 0.0, 0.8182464316491073
0.0, 0.0, 1.1571752010015572
-0.8182464316491073, 0.0, 0.8182464316491074
-1.1571752010015572, 0.0, 0.0
-0.8182464316491075, 0.0, -0.8182464316491073
0.0, 0.0, -1.1571752010015572
0.818246431649107, 0.0, -0.8182464316491075
-0.03249669049819162, 2.070595723291871, 0.03526688630387174
0.0, 0.8182464316491074, 0.8182464316491073
0.0, -0.8182464316491073, 0.8182464316491074
0.0, -1.1571752010015572, 0.0
0.0, -0.8182464316491075, -0.8182464316491073
-0.11987856624829933, 1.530550855789614, -0.3763982696342826
# HMM: PI
1.0, 0.0, 0.0, 0.0, 0.0, 0.0, 0.0, 0.0
# HMM: A
0.3333333333333331, 0.3333333333333331, 0.33333333333333326, 0.0, 0.0, 0.0, 0.0, 0.0
0.0, 0.33333333333333337, 0.33333333333333337, 0.33333333333333337, 0.0, 0.0, 0.0, 0.0
0.0, 0.0, 0.33333333333333354, 0.33333333333333354, 0.33333333333333354, 0.0, 0.0, 0.0
0.0, 0.0, 0.0, 0.33333333333333326, 0.33333333333333326, 0.33333333333333326, 0.0, 0.0
0.0, 0.0, 0.0, 0.0, 0.3333333333333334, 0.3333333333333334, 0.3333333333333334, 0.0
0.0, 0.0, 0.0, 0.0, 0.0, 0.3333333333333332, 0.3333333333333332, 0.3333333333333332
0.0, 0.0, 0.0, 0.0, 0.0, 0.0, 0.5, 0.5
0.0, 0.0, 0.0, 0.0, 0.0, 0.0, 0.0, 1.0
# HMM: B
0.0, 0.0, 0.0, 0.0, 0.0, 0.0, 0.0, 0.0, 0.9829860999646877, 0.0, 0.0, 0.0, 0.0, 0.017013900035311863
0.0, 0.0, 0.0, 0.0, 0.0, 0.0, 0.0, 0.0, 0.8706957813812258, 0.0, 0.0, 0.0, 0.0, 0.1293042186187738
0.0, 0.0, 0.0, 0.0, 0.0, 0.0, 0.0, 0.0, 0.7829073621772509, 0.0, 0.0, 0.0, 0.0, 0.2170926378227496
0.0, 0.0, 0.0, 0.0, 0.0, 0.0, 0.0, 0.0, 0.5479433171592414, 0.0, 0.0, 0.0, 0.0, 0.4520566828407586
0.0, 0.0, 0.0, 0.0, 0.0, 0.0, 0.0, 0.0, 0.4169855674611851, 0.0, 0.0, 0.0, 0.0, 0.5830144325388148
0.0, 0.0, 0.0, 0.0, 0.0, 0.0, 0.0, 0.0, 0.2570186935227979, 0.0, 0.0, 0.0, 0.0, 0.7429813064772021
0.0, 0.0, 0.0, 0.0, 0.0, 0.0, 0.0, 0.0, 0.18824551873981538, 0.0, 0.0, 0.0, 0.0, 0.8117544812601848
0.0, 0.0, 0.0, 0.0, 0.0, 0.0, 0.0, 0.0, 0.13000450808234762, 0.0, 0.0, 0.0, 0.0, 0.8699954919176524
# END